4.631191110994722 
4.603122754468685 
4.643792419044345 
1050.4624581875805 
1050.9391520905062 
1050.1276435336965 
0.9788022862339272 
0.9787446462588718 
0.9788386478191269 
0.978760846998488 
0.9787615836387036 
0.9787702712073001 
0.9787623483126413 
0.9787643018811119 
0.9787709190073715 
0.9787609323362455 
0.9787617389382174 
0.9787703074794085 
0.9787608519163487 
0.9787615925909793 
0.9787702732957551 
0.9787608472821236 
0.9787615841550287 
0.9787702713277474 
0.9787608470148466 
0.9787615836684831 
0.978770271214248 
0.9787608469994311 
0.9787615836404209 
0.9787702712077032 
0.9787608469985428 
0.9787615836388025 
0.9787702712073257 
0.978760846998495 
0.9787615836387127 
0.9787702712073028 
0.9787608469984871 
0.9787615836387031 
0.9787702712072992 
0.9787608469984905 
0.978761583638706 
0.9787702712073005 
0.9787608469984871 
0.9787615836387031 
0.9787702712072992 
0.9787608469984871 
0.9787615836387031 
0.9787702712072992 
0.9787608469984905 
0.978761583638706 
0.9787702712073021 
0.9787608469984873 
0.9787615836387034 
0.9787702712072992 
0.9787608469984871 
0.9787615836387031 
0.9787702712072992 
2.3844536503358595 
2.367787662997676 
2.3927181468109366 
1050.4624581875805 
1050.9391520905062 
1050.1276435336965 
1.0978380234789846 
1.0978042176733798 
1.096445221359644 
1.0844104828701924 
1.0843861699970434 
1.0831319097171999 
1.0411117230948668 
1.0412118205802663 
1.0401665655186207 
0.9913125004865253 
0.9917323218391171 
0.990800154127347 
0.9809924066078664 
0.981162905680489 
0.9808103652846765 
0.9790406961376743 
0.9790701748889655 
0.9790087233838524 
0.9788514167233222 
0.9788539578771989 
0.9788489338729546 
0.9788403601858559 
0.9788403641352134 
0.9788403376609571 
0.9788401674714123 
0.9788401699263972 
0.9788401665213707 
